100 2 99 2 1 5
0 0 0 0 0 0 0 0 0 0 0 0 0 0 0 0 0 0 0 0 0 0 0 0 0 0 0 0 0 0 0 0 0 0 0 0 0 0 0 0 0 0 0 0 0 0 0 0 0 0 0 0 0 0 0 0 0 0 0 0 0 0 0 0 0 0 0 0 0 0 0 0 0 0 0 0 0 0 0 0 0 0 0 0 0 0 0 0 0 0 0 0 0 0 0 0 0 0 0 
0.05 0.3
0.3 0.8
0 0
1 0 
1 0 
1 0
2 0 1 
2 0 1 
0 0
2 1 2 
2 1 2 
1 0
2 2 3 
2 2 3 
0 0
2 3 4 
2 3 4 
1 0
2 4 5 
2 4 5 
0 0
2 5 6 
2 5 6 
1 0
2 6 7 
2 6 7 
0 0
2 7 8 
2 7 8 
1 0
2 8 9 
2 8 9 
0 0
2 9 10 
2 9 10 
1 0
2 10 11 
2 10 11 
0 0
2 11 12 
2 11 12 
1 0
2 12 13 
2 12 13 
0 0
2 13 14 
2 13 14 
1 0
2 14 15 
2 14 15 
0 0
2 15 16 
2 15 16 
1 0
2 16 17 
2 16 17 
0 0
2 17 18 
2 17 18 
1 0
2 18 19 
2 18 19 
0 1
2 19 20 
2 19 20 
1 1
2 20 21 
2 20 21 
0 1
2 21 22 
2 21 22 
1 1
2 22 23 
2 22 23 
0 1
2 23 24 
2 23 24 
1 1
2 24 25 
2 24 25 
0 1
2 25 26 
2 25 26 
1 1
2 26 27 
2 26 27 
0 1
2 27 28 
2 27 28 
1 1
2 28 29 
2 28 29 
0 1
2 29 30 
2 29 30 
1 1
2 30 31 
2 30 31 
0 1
2 31 32 
2 31 32 
1 1
2 32 33 
2 32 33 
0 1
2 33 34 
2 33 34 
1 1
2 34 35 
2 34 35 
0 1
2 35 36 
2 35 36 
1 1
2 36 37 
2 36 37 
0 1
2 37 38 
2 37 38 
1 1
2 38 39 
2 38 39 
0 2
2 39 40 
2 39 40 
1 2
2 40 41 
2 40 41 
0 2
2 41 42 
2 41 42 
1 2
2 42 43 
2 42 43 
0 2
2 43 44 
2 43 44 
1 2
2 44 45 
2 44 45 
0 2
2 45 46 
2 45 46 
1 2
2 46 47 
2 46 47 
0 2
2 47 48 
2 47 48 
1 2
2 48 49 
2 48 49 
0 2
2 49 50 
2 49 50 
1 2
2 50 51 
2 50 51 
0 2
2 51 52 
2 51 52 
1 2
2 52 53 
2 52 53 
0 2
2 53 54 
2 53 54 
1 2
2 54 55 
2 54 55 
0 2
2 55 56 
2 55 56 
1 2
2 56 57 
2 56 57 
0 2
2 57 58 
2 57 58 
1 2
2 58 59 
2 58 59 
0 3
2 59 60 
2 59 60 
1 3
2 60 61 
2 60 61 
0 3
2 61 62 
2 61 62 
1 3
2 62 63 
2 62 63 
0 3
2 63 64 
2 63 64 
1 3
2 64 65 
2 64 65 
0 3
2 65 66 
2 65 66 
1 3
2 66 67 
2 66 67 
0 3
2 67 68 
2 67 68 
1 3
2 68 69 
2 68 69 
0 3
2 69 70 
2 69 70 
1 3
2 70 71 
2 70 71 
0 3
2 71 72 
2 71 72 
1 3
2 72 73 
2 72 73 
0 3
2 73 74 
2 73 74 
1 3
2 74 75 
2 74 75 
0 3
2 75 76 
2 75 76 
1 3
2 76 77 
2 76 77 
0 3
2 77 78 
2 77 78 
1 3
2 78 79 
2 78 79 
0 4
2 79 80 
2 79 80 
1 4
2 80 81 
2 80 81 
0 4
2 81 82 
2 81 82 
1 4
2 82 83 
2 82 83 
0 4
2 83 84 
2 83 84 
1 4
2 84 85 
2 84 85 
0 4
2 85 86 
2 85 86 
1 4
2 86 87 
2 86 87 
0 4
2 87 88 
2 87 88 
1 4
2 88 89 
2 88 89 
0 4
2 89 90 
2 89 90 
1 4
2 90 91 
2 90 91 
0 4
2 91 92 
2 91 92 
1 4
2 92 93 
2 92 93 
0 4
2 93 94 
2 93 94 
1 4
2 94 95 
2 94 95 
0 4
2 95 96 
2 95 96 
1 4
2 96 97 
2 96 97 
0 4
2 97 98 
2 97 98 
1 4
1 98 
1 98 
