100 2 100 10 10 1
0 0 0 0 0 0 0 0 0 0 1 1 1 1 1 1 1 1 1 1 2 2 2 2 2 2 2 2 2 2 3 3 3 3 3 3 3 3 3 3 4 4 4 4 4 4 4 4 4 4 5 5 5 5 5 5 5 5 5 5 6 6 6 6 6 6 6 6 6 6 7 7 7 7 7 7 7 7 7 7 8 8 8 8 8 8 8 8 8 8 9 9 9 9 9 9 9 9 9 9 
0.205462 0.0493045 0.0877872 0.272913 0.109063 0.282816 0.200164 0.274827 0.21408 0.285399 
0.0828373 0.703023 0.105243 0.243301 0.0302043 0.735865 0.594036 0.544356 0.530136 0.0490328 
0.438579 0.398477 0.749958 0.559019 0.583111 0.485529 0.346963 0.171769 0.154808 0.112303 
0.285523 0.11824 0.710756 0.167615 0.340217 0.639195 0.053528 0.736586 0.160418 0.422257 
0.173722 0.58493 0.637444 0.176628 0.402182 0.443945 0.642156 0.531435 0.00228111 0.263776 
0.602183 0.299611 0.652383 0.0128699 0.0146784 0.45316 0.0414551 0.67177 0.559056 0.105075 
0.16967 0.363018 0.0376718 0.673035 0.413367 0.493421 0.0403681 0.74944 0.495983 0.568624 
0.35257 0.49622 0.545976 0.00472143 0.724817 0.675085 0.706645 0.357773 0.314614 0.67507 
0.473268 0.0505371 0.128424 0.696357 0.032518 0.350807 0.387611 0.59379 0.18918 0.063647 
0.00833792 0.429411 0.452362 0.470839 0.523392 0.0135275 0.532049 0.584511 0.237372 0.742717 
0.642316 0.516261 0.317301 0.26965 0.117552 0.0959764 0.585094 0.628489 0.691215 0.263906 
0.604934 0.312221 0.314385 0.31606 0.456649 0.621633 0.549416 0.374581 0.419385 0.476382 
0.473991 0.658939 0.64156 0.743842 0.704455 0.106171 0.170225 0.0706483 0.262062 0.174402 
0.481728 0.000335384 0.691345 0.637153 0.357948 0.673043 0.00015603 0.162633 0.681666 0.647221 
0.478127 0.151702 0.0124756 0.404862 0.335606 0.198575 0.47892 0.477969 0.449771 0.211096 
0.598015 0.0101594 0.662103 0.291403 0.680676 0.163451 0.600412 0.0851399 0.384679 0.272343 
0.308163 0.351617 0.657397 0.153521 0.192284 0.461662 0.675501 0.121518 0.0854193 0.379285 
0.0752365 0.268567 0.373857 0.616374 0.157569 0.503112 0.670441 0.458474 0.266795 0.529506 
0.180496 0.140916 0.19517 0.524276 0.194805 0.61336 0.708479 0.125477 0.164994 0.16369 
0.145851 0.355068 0.352199 0.41204 0.107554 0.378769 0.0560979 0.618497 0.675894 0.0980757 
0.203156 0.686973 0.521039 0.208874 0.251092 0.215368 0.688762 0.235148 0.477271 0.625758 
0.621962 0.169201 0.56128 0.0942439 0.132101 0.056498 0.225644 0.0762257 0.546959 0.26807 
0.556779 0.512027 0.692424 0.233767 0.720399 0.650035 0.33613 0.735386 0.48758 0.0103852 
0.501169 0.242157 0.273489 0.165597 0.715272 0.17986 0.208983 0.711761 0.198881 0.581139 
0.281064 0.45542 0.0977268 0.197189 0.387304 0.681065 0.584708 0.711153 0.157689 0.534523 
0.233147 0.0818114 0.311521 0.131489 0.418831 0.573134 0.602447 0.0836661 0.252712 0.632966 
0.598582 0.403798 0.528488 0.271616 0.375387 0.685179 0.341086 0.0380603 0.254764 0.301715 
0.606621 0.627181 0.055832 0.139339 0.258906 0.727126 0.607403 0.503576 0.281062 0.216562 
0.652276 0.453081 0.341273 0.330152 0.614903 0.2006 0.559389 0.688287 0.0340305 0.0443409 
0.121607 0.358127 0.310098 0.518166 0.493961 0.0644522 0.00932779 0.468525 0.289809 0.607364 
0.647479 0.639125 0.301246 0.126814 0.479077 0.0792995 0.060167 0.476755 0.193776 0.45412 
0.0720303 0.714318 0.124327 0.30826 0.318893 0.723005 0.106838 0.270725 0.132027 0.300364 
0.624617 0.725773 0.713258 0.135107 0.0607158 0.677718 0.192209 0.52882 0.736631 0.371695 
0.680367 0.410001 0.461854 0.174404 0.73166 0.164377 0.0172923 0.349838 0.64696 0.540146 
0.365465 0.00406647 0.589651 0.467482 0.388769 0.342797 0.366694 0.217678 0.462085 0.473708 
0.248649 0.70297 0.537447 0.603552 0.354146 0.706694 0.197853 0.313463 0.112911 0.410378 
0.494893 0.419706 0.0924771 0.474573 0.602021 0.718148 0.42633 0.643798 0.498013 0.308254 
0.240107 0.513361 0.0892056 0.590672 0.480062 0.269381 0.113194 0.0522975 0.58789 0.113848 
0.0898648 0.527572 0.674657 0.0367666 0.529913 0.566763 0.245153 0.113473 0.536135 0.212958 
0.621489 0.155327 0.221065 0.159021 0.710652 0.403201 0.500466 0.0899217 0.571652 0.720661 
0.0689429 0.226062 0.710108 0.405226 0.425857 0.0372288 0.175348 0.52041 0.695584 0.123707 
0.0852597 0.115039 0.579255 0.257831 0.425302 0.380297 0.681396 0.556995 0.70124 0.244062 
0.203316 0.470457 0.50032 0.36245 0.745642 0.0891107 0.374852 0.282322 0.287391 0.54682 
0.534011 0.718187 0.315131 0.329157 0.413975 0.0382257 0.341579 0.0896287 0.200956 0.346987 
0.135798 0.471904 0.568593 0.717412 0.0123856 0.35515 0.416732 0.694163 0.412365 0.0311555 
0.539519 0.483723 0.734309 0.0727894 0.34283 0.193788 0.258113 0.260493 0.0135054 0.430117 
0.570158 0.635695 0.128325 0.557206 0.546723 0.556694 0.408688 0.519715 0.174971 0.179164 
0.521258 0.17873 0.678607 0.127901 0.448328 0.031222 0.483146 0.388078 0.260673 0.311151 
0.328138 0.294649 0.166731 0.691832 0.0396683 0.70677 0.0515853 0.18241 0.720431 0.312152 
0.573435 0.731054 0.479582 0.218058 0.217372 0.7275 0.441725 0.427624 0.0987544 0.683545 
0.262088 0.600919 0.470967 0.736633 0.0848389 0.168632 0.204802 0.53036 0.486164 0.00315771 
0.564769 0.441666 0.411461 0.631253 0.678262 0.299911 0.166008 0.535382 0.193802 0.0197365 
0.070219 0.444894 0.689661 0.339368 0.432254 0.184942 0.0488932 0.263126 0.748857 0.52958 
0.126382 0.246742 0.321212 0.666686 0.625466 0.331151 0.0339742 0.137743 0.661545 0.161567 
0.612112 0.602984 0.0847097 0.554489 0.222015 0.456996 0.146344 0.321403 0.0299368 0.144257 
0.598949 0.183075 0.46986 0.554787 0.082321 0.0932772 0.27349 0.089608 0.170817 0.174187 
0.328599 0.323764 0.731508 0.737225 0.731288 0.359476 0.306061 0.708825 0.599981 0.68567 
0.436735 0.255178 0.589779 0.675116 0.123899 0.553499 0.247934 0.0478168 0.536164 0.122327 
0.210051 0.317493 0.587365 0.24755 0.102704 0.127906 0.385973 0.665739 0.61625 0.551454 
0.613116 0.559972 0.423365 0.112631 0.0414981 0.110006 0.359057 0.707861 0.183822 0.13773 
0.234358 0.100401 0.20906 0.712875 0.19389 0.0964505 0.4453 0.338971 0.61056 0.726776 
0.184158 0.528424 0.375663 0.177038 0.245236 0.164962 0.651303 0.14155 0.286518 0.17737 
0.731882 0.236103 0.315298 0.498321 0.149682 0.264008 0.398836 0.668892 0.0425729 0.518437 
0.623274 0.389468 0.4608 0.0394263 0.344771 0.367708 0.371347 0.619526 0.528359 0.0401453 
0.412254 0.556267 0.428726 0.283647 0.561863 0.706387 0.644174 0.572226 0.152452 0.291647 
0.617284 0.173583 0.713508 0.565314 0.246628 0.502033 0.00180167 0.581518 0.462119 0.291536 
0.213717 0.276583 0.0696805 0.500813 0.520625 0.728946 0.743809 0.45694 0.513419 0.50235 
0.392434 0.578961 0.423029 0.206477 0.258482 0.0419542 0.50668 0.295279 0.670191 0.64691 
0.443472 0.540326 0.657245 0.00973061 0.0158251 0.736739 0.646013 0.342093 0.203267 0.194846 
0.582799 0.449443 0.000940445 0.184441 0.0845938 0.337856 0.0632563 0.659386 0.490719 0.247343 
0.595883 0.431815 0.681181 0.473849 0.222996 0.721657 0.360549 0.687932 0.729518 0.619105 
0.642809 0.242425 0.167345 0.478173 0.599114 0.450516 0.640976 0.719842 0.664719 0.424335 
0.318514 0.134174 0.625413 0.519127 0.5674 0.746719 0.269854 0.413245 0.736759 0.546107 
0.509725 0.375188 0.593131 0.190248 0.363848 0.248727 0.749294 0.529116 0.333446 0.564629 
0.110478 0.682709 0.165519 0.605227 0.392165 0.482331 0.540069 0.588239 0.541925 0.232673 
0.241547 0.38505 0.626417 0.296006 0.385202 0.729011 0.5222 0.25199 0.114608 0.170189 
0.560532 0.715037 0.107491 0.350662 0.450445 0.478972 0.617765 0.470803 0.375608 0.442198 
0.602957 0.456686 0.392518 0.274267 0.644255 0.50723 0.291757 0.45605 0.315268 0.114195 
0.140548 0.56292 0.401756 0.0118909 0.535046 0.0379526 0.0274862 0.131243 0.302394 0.699692 
0.203348 0.409248 0.301698 0.701296 0.0319464 0.682977 0.736012 0.387833 0.579508 0.0502064 
0.28177 0.405096 0.582618 0.19534 0.160128 0.587412 0.00216109 0.628292 0.54767 0.362738 
0.358053 0.0638188 0.222668 0.209042 0.307902 0.374011 0.109312 0.188998 0.719712 0.154367 
0.743958 0.347022 0.434248 0.749901 0.729443 0.642204 0.0343813 0.12027 0.0182365 0.718122 
0.641259 0.0204515 0.525321 0.141313 0.430763 0.576281 0.115898 0.1178 0.352617 0.309999 
0.607476 0.652515 0.614815 0.116848 0.61348 0.736231 0.698998 0.489418 0.689903 0.676475 
0.562061 0.420643 0.427605 0.117204 0.339048 0.678538 0.394646 0.250271 0.376928 0.600605 
0.647975 0.11243 0.463853 0.742957 0.0972905 0.0901322 0.020832 0.116522 0.362903 0.540916 
0.532602 0.339461 0.610559 0.52297 0.139073 0.304288 0.588853 0.676098 0.732991 0.525566 
0.478259 0.25543 0.124647 0.582998 0.60249 0.682282 0.111139 0.513121 0.675406 0.615698 
0.717254 0.216235 0.117492 0.111884 0.196263 0.276471 0.426812 0.663825 0.73369 0.347092 
0.00667855 0.394995 0.207369 0.190751 0.177084 0.707381 0.310779 0.518169 0.460954 0.512118 
0.051423 0.0409571 0.555352 0.341104 0.138206 0.72726 0.46376 0.162087 0.190188 0.397867 
0.149314 0.0370937 0.095501 0.588978 0.270483 0.0882746 0.039403 0.489812 0.547069 0.146321 
0.00653914 0.598905 0.113574 0.00163008 0.550418 0.728809 0.648476 0.250575 0.00767254 0.563734 
0.18867 0.652785 0.616687 0.0998127 0.321435 0.384714 0.340243 0.391044 0.0211009 0.463762 
0.577395 0.417306 0.418912 0.243969 0.380915 0.118828 0.748132 0.330148 0.0383941 0.26194 
0.137029 0.27563 0.643583 0.273727 0.254883 0.0831733 0.403917 0.257159 0.287707 0.320522 
0.0610538 0.0159075 0.741706 0.382277 0.276516 0.608246 0.0978051 0.733519 0.369672 0.575502 
0.156595 0.12969 0.314253 0.333391 0.181822 0.643829 0.397718 0.311503 0.0351204 0.0379233 
0.562515 0.276774 0.697829 0.314375 0.528327 0.711644 0.270395 0.214991 0.550828 0.594925 
0 0
9 0 1 2 10 11 12 20 21 22 
9 0 1 2 10 11 12 20 21 22 
1 0
9 1 2 3 11 12 13 21 22 23 
9 1 2 3 11 12 13 21 22 23 
2 0
9 2 3 4 12 13 14 22 23 24 
9 2 3 4 12 13 14 22 23 24 
3 0
9 3 4 5 13 14 15 23 24 25 
9 3 4 5 13 14 15 23 24 25 
4 0
9 4 5 6 14 15 16 24 25 26 
9 4 5 6 14 15 16 24 25 26 
5 0
9 5 6 7 15 16 17 25 26 27 
9 5 6 7 15 16 17 25 26 27 
6 0
9 6 7 8 16 17 18 26 27 28 
9 6 7 8 16 17 18 26 27 28 
7 0
9 7 8 9 17 18 19 27 28 29 
9 7 8 9 17 18 19 27 28 29 
8 0
6 8 9 18 19 28 29 
6 8 9 18 19 28 29 
9 0
3 9 19 29 
3 9 19 29 
0 0
9 10 11 12 20 21 22 30 31 32 
9 10 11 12 20 21 22 30 31 32 
1 0
9 11 12 13 21 22 23 31 32 33 
9 11 12 13 21 22 23 31 32 33 
2 0
9 12 13 14 22 23 24 32 33 34 
9 12 13 14 22 23 24 32 33 34 
3 0
9 13 14 15 23 24 25 33 34 35 
9 13 14 15 23 24 25 33 34 35 
4 0
9 14 15 16 24 25 26 34 35 36 
9 14 15 16 24 25 26 34 35 36 
5 0
9 15 16 17 25 26 27 35 36 37 
9 15 16 17 25 26 27 35 36 37 
6 0
9 16 17 18 26 27 28 36 37 38 
9 16 17 18 26 27 28 36 37 38 
7 0
9 17 18 19 27 28 29 37 38 39 
9 17 18 19 27 28 29 37 38 39 
8 0
6 18 19 28 29 38 39 
6 18 19 28 29 38 39 
9 0
3 19 29 39 
3 19 29 39 
0 0
9 20 21 22 30 31 32 40 41 42 
9 20 21 22 30 31 32 40 41 42 
1 0
9 21 22 23 31 32 33 41 42 43 
9 21 22 23 31 32 33 41 42 43 
2 0
9 22 23 24 32 33 34 42 43 44 
9 22 23 24 32 33 34 42 43 44 
3 0
9 23 24 25 33 34 35 43 44 45 
9 23 24 25 33 34 35 43 44 45 
4 0
9 24 25 26 34 35 36 44 45 46 
9 24 25 26 34 35 36 44 45 46 
5 0
9 25 26 27 35 36 37 45 46 47 
9 25 26 27 35 36 37 45 46 47 
6 0
9 26 27 28 36 37 38 46 47 48 
9 26 27 28 36 37 38 46 47 48 
7 0
9 27 28 29 37 38 39 47 48 49 
9 27 28 29 37 38 39 47 48 49 
8 0
6 28 29 38 39 48 49 
6 28 29 38 39 48 49 
9 0
3 29 39 49 
3 29 39 49 
0 0
9 30 31 32 40 41 42 50 51 52 
9 30 31 32 40 41 42 50 51 52 
1 0
9 31 32 33 41 42 43 51 52 53 
9 31 32 33 41 42 43 51 52 53 
2 0
9 32 33 34 42 43 44 52 53 54 
9 32 33 34 42 43 44 52 53 54 
3 0
9 33 34 35 43 44 45 53 54 55 
9 33 34 35 43 44 45 53 54 55 
4 0
9 34 35 36 44 45 46 54 55 56 
9 34 35 36 44 45 46 54 55 56 
5 0
9 35 36 37 45 46 47 55 56 57 
9 35 36 37 45 46 47 55 56 57 
6 0
9 36 37 38 46 47 48 56 57 58 
9 36 37 38 46 47 48 56 57 58 
7 0
9 37 38 39 47 48 49 57 58 59 
9 37 38 39 47 48 49 57 58 59 
8 0
6 38 39 48 49 58 59 
6 38 39 48 49 58 59 
9 0
3 39 49 59 
3 39 49 59 
0 0
9 40 41 42 50 51 52 60 61 62 
9 40 41 42 50 51 52 60 61 62 
1 0
9 41 42 43 51 52 53 61 62 63 
9 41 42 43 51 52 53 61 62 63 
2 0
9 42 43 44 52 53 54 62 63 64 
9 42 43 44 52 53 54 62 63 64 
3 0
9 43 44 45 53 54 55 63 64 65 
9 43 44 45 53 54 55 63 64 65 
4 0
9 44 45 46 54 55 56 64 65 66 
9 44 45 46 54 55 56 64 65 66 
5 0
9 45 46 47 55 56 57 65 66 67 
9 45 46 47 55 56 57 65 66 67 
6 0
9 46 47 48 56 57 58 66 67 68 
9 46 47 48 56 57 58 66 67 68 
7 0
9 47 48 49 57 58 59 67 68 69 
9 47 48 49 57 58 59 67 68 69 
8 0
6 48 49 58 59 68 69 
6 48 49 58 59 68 69 
9 0
3 49 59 69 
3 49 59 69 
0 0
9 50 51 52 60 61 62 70 71 72 
9 50 51 52 60 61 62 70 71 72 
1 0
9 51 52 53 61 62 63 71 72 73 
9 51 52 53 61 62 63 71 72 73 
2 0
9 52 53 54 62 63 64 72 73 74 
9 52 53 54 62 63 64 72 73 74 
3 0
9 53 54 55 63 64 65 73 74 75 
9 53 54 55 63 64 65 73 74 75 
4 0
9 54 55 56 64 65 66 74 75 76 
9 54 55 56 64 65 66 74 75 76 
5 0
9 55 56 57 65 66 67 75 76 77 
9 55 56 57 65 66 67 75 76 77 
6 0
9 56 57 58 66 67 68 76 77 78 
9 56 57 58 66 67 68 76 77 78 
7 0
9 57 58 59 67 68 69 77 78 79 
9 57 58 59 67 68 69 77 78 79 
8 0
6 58 59 68 69 78 79 
6 58 59 68 69 78 79 
9 0
3 59 69 79 
3 59 69 79 
0 0
9 60 61 62 70 71 72 80 81 82 
9 60 61 62 70 71 72 80 81 82 
1 0
9 61 62 63 71 72 73 81 82 83 
9 61 62 63 71 72 73 81 82 83 
2 0
9 62 63 64 72 73 74 82 83 84 
9 62 63 64 72 73 74 82 83 84 
3 0
9 63 64 65 73 74 75 83 84 85 
9 63 64 65 73 74 75 83 84 85 
4 0
9 64 65 66 74 75 76 84 85 86 
9 64 65 66 74 75 76 84 85 86 
5 0
9 65 66 67 75 76 77 85 86 87 
9 65 66 67 75 76 77 85 86 87 
6 0
9 66 67 68 76 77 78 86 87 88 
9 66 67 68 76 77 78 86 87 88 
7 0
9 67 68 69 77 78 79 87 88 89 
9 67 68 69 77 78 79 87 88 89 
8 0
6 68 69 78 79 88 89 
6 68 69 78 79 88 89 
9 0
3 69 79 89 
3 69 79 89 
0 0
9 70 71 72 80 81 82 90 91 92 
9 70 71 72 80 81 82 90 91 92 
1 0
9 71 72 73 81 82 83 91 92 93 
9 71 72 73 81 82 83 91 92 93 
2 0
9 72 73 74 82 83 84 92 93 94 
9 72 73 74 82 83 84 92 93 94 
3 0
9 73 74 75 83 84 85 93 94 95 
9 73 74 75 83 84 85 93 94 95 
4 0
9 74 75 76 84 85 86 94 95 96 
9 74 75 76 84 85 86 94 95 96 
5 0
9 75 76 77 85 86 87 95 96 97 
9 75 76 77 85 86 87 95 96 97 
6 0
9 76 77 78 86 87 88 96 97 98 
9 76 77 78 86 87 88 96 97 98 
7 0
9 77 78 79 87 88 89 97 98 99 
9 77 78 79 87 88 89 97 98 99 
8 0
6 78 79 88 89 98 99 
6 78 79 88 89 98 99 
9 0
3 79 89 99 
3 79 89 99 
0 0
6 80 81 82 90 91 92 
6 80 81 82 90 91 92 
1 0
6 81 82 83 91 92 93 
6 81 82 83 91 92 93 
2 0
6 82 83 84 92 93 94 
6 82 83 84 92 93 94 
3 0
6 83 84 85 93 94 95 
6 83 84 85 93 94 95 
4 0
6 84 85 86 94 95 96 
6 84 85 86 94 95 96 
5 0
6 85 86 87 95 96 97 
6 85 86 87 95 96 97 
6 0
6 86 87 88 96 97 98 
6 86 87 88 96 97 98 
7 0
6 87 88 89 97 98 99 
6 87 88 89 97 98 99 
8 0
4 88 89 98 99 
4 88 89 98 99 
9 0
2 89 99 
2 89 99 
0 0
3 90 91 92 
3 90 91 92 
1 0
3 91 92 93 
3 91 92 93 
2 0
3 92 93 94 
3 92 93 94 
3 0
3 93 94 95 
3 93 94 95 
4 0
3 94 95 96 
3 94 95 96 
5 0
3 95 96 97 
3 95 96 97 
6 0
3 96 97 98 
3 96 97 98 
7 0
3 97 98 99 
3 97 98 99 
8 0
2 98 99 
2 98 99 
9 0
1 99 
1 99 
